-0.2418   -0.8484   0
-1.6919   1.0404    0
-0.3198   0.6226    0
-2.0725   -0.7876   0
-0.1002   0.4883    0
-3.1231   -0.0767   0
-0.7153   -1.7514   0
-1.7333   -0.1454   0
-1.7734   -0.6569   0
-0.8482   -0.0682   0
-1.3368   -0.2610   0
-0.0292   -2.8278   0
-1.1072   -3.5697   0
0.0135    -1.0386   0
-1.4753   -1.6361   0
-0.9311   -0.2481   0
-0.6014   0.1710    0
0.1163    -2.4061   0
-0.3795   -0.4374   0
-1.2877   -0.7189   0
-2.3718   -0.8224   0
-1.6859   0.7061    0
-0.6683   -1.6133   0
-1.9977   0.5622    0
-0.7086   0.2260    0
0.1071    -3.3626   0
-0.7550   1.4319    0
-0.8350   0.0920    0
-0.5938   -0.2937   0
0.2160    -2.2724   0
0.4484    -1.9473   0
-2.0251   -1.6755   0
-0.7946   -2.2005   0
-0.4111   -2.0695   0
-1.2640   -0.3578   0
1.4953    -0.6519   0
-0.1441   -0.2606   0
-1.8510   -1.0000   0
-0.1881   -3.2918   0
-0.2998   -1.1449   0
-0.2401   -2.0169   0
-2.7129   -1.6846   0
0.5370    -1.3805   0
-2.6098   0.3083    0
0.1095    -0.8129   0
-2.1097   -0.6757   0
-0.6145   -1.5543   0
-0.0348   -1.6608   0
-0.1817   -1.5601   0
-0.9630   -0.8301   0
-1.9260   0.9216    0
-1.1119   -0.8405   0
-1.8030   -0.0350   0
-2.6650   1.6339    0
-1.9014   -0.8431   0
-0.4117   -0.6619   0
-0.4458   -1.0225   0
-1.4152   -1.5278   0
-0.9382   -3.2253   0
-0.5426   -3.2889   0
-0.8010   -1.3994   0
-0.7424   -1.6579   0
1.0807    -2.3939   0
-3.2772   -1.0873   0
-0.6610   -0.9728   0
-0.7101   -0.9648   0
-0.3377   -1.9544   0
-1.5809   -0.0533   0
-0.1122   -2.8669   0
-0.8281   -2.0012   0
-0.1512   -1.6424   0
-0.0362   -2.6064   0
0.3219    -0.5929   0
-1.0643   0.3266    0
0.3171    -1.4542   0
-0.7720   -2.3302   0
-2.4296   0.2853    0
-1.1497   -3.1392   0
-1.5050   -1.2108   0
-2.7291   2.6380    0
-1.4175   -0.4109   0
-1.6150   -1.6884   0
-0.2792   -0.5924   0
-0.6606   -1.4151   0
-0.1172   -0.5448   0
-0.7158   -1.4581   0
-1.1455   0.2350    0
-1.0896   -0.0815   0
-0.7108   -0.9594   0
0.1648    -1.8416   0
-0.1943   -1.1813   0
-2.3556   -0.4874   0
-0.8791   -1.1289   0
-1.2222   -0.2828   0
-0.4283   -1.9757   0
-1.3001   -1.5439   0
0.1343    -1.5737   0
-1.1794   -1.5398   0
-2.4671   -1.5576   0
0.3953    -0.9439   0
-0.5592   -1.4505   0
-0.4346   -2.6395   0
-1.6936   -0.9950   0
-0.1661   -1.5415   0
-3.2374   -1.9028   0
0.0976    -2.7245   0
-1.0016   -2.5716   0
-2.6146   0.7672    0
-2.2287   -0.5087   0
-0.7926   -0.1400   0
-0.7791   -0.6261   0
-2.0061   -0.0827   0
-1.4531   -1.3618   0
0.3995    -1.4529   0
-1.4620   -1.9234   0
-0.9673   -1.6433   0
-0.2012   -1.9741   0
-0.1032   -1.2766   0
-0.8621   -2.6233   0
-2.6191   -1.3922   0
-2.6466   -0.0054   0
-0.5713   0.0581    0
-1.7372   -0.3140   0
-0.4351   -1.6659   0
-2.3842   -0.3500   0
-0.5397   -1.1628   0
-0.3706   0.3809    0
-0.6202   -1.2530   0
-2.0133   0.3197    0
-1.3472   -0.8953   0
-0.5581   -1.9146   0
-2.5902   0.0631    0
-1.7014   0.2616    0
-2.0776   -1.9024   0
0.0022    -2.4458   0
0.7295    -2.0308   0
-0.2910   -0.9532   0
-1.7479   -1.4264   0
-0.7711   -1.6771   0
-1.2235   -0.3488   0
-1.8533   -1.7296   0
-0.6544   -0.2655   0
-0.8902   -0.3072   0
-2.1330   -0.9898   0
-1.6831   -0.0869   0
-1.2779   0.2597    0
-0.3452   -1.0550   0
-2.2484   0.3686    0
-1.5975   -0.5898   0
-1.4818   -0.7447   0
-0.0166   -1.5547   0
0.7621    -2.7422   0
0.4274    -2.3609   0
-0.0882   -1.4826   0
-0.6732   -0.3075   0
-0.9304   -1.5536   0
-2.4998   1.0287    0
-1.4182   -1.4957   0
-1.0210   -0.4309   0
-0.7716   -2.2486   0
-2.0082   -1.2471   0
-1.6646   -1.0784   0
-0.4418   -1.0865   0
-2.1885   1.2149    0
-1.7755   -0.5170   0
-0.7290   -1.4918   0
0.5350    -1.3247   0
-2.0523   -1.5123   0
-0.3744   -1.3962   0
-1.7976   -0.2151   0
-1.3135   -1.0994   0
-1.6022   -0.8444   0
0.2591    -1.4740   0
-0.1415   -1.0645   0
-3.1053   1.5056    0
-1.3609   0.9099    0
-0.4464   -0.6732   0
-2.5564   -1.4051   0
-1.2067   -0.5823   0
-1.4256   -1.2783   0
-0.5062   -2.1512   0
-1.8709   0.0392    0
-0.9202   -0.6207   0
-1.5216   -0.9070   0
-2.4139   -0.6205   0
-1.3843   -1.5755   0
-1.4579   -2.3647   0
-1.2915   -2.2643   0
-1.3012   -1.8659   0
-2.5886   -0.5655   0
0.0943    -1.3955   0
0.3242    -1.4634   0
-1.1265   -2.0114   0
-1.7372   -0.0252   0
-0.7863   -0.7372   0
-1.4005   0.4602    0
-0.9351   -1.4743   0
-2.7580   -0.1268   0
0.6867    -2.2985   0
-0.6726   -0.5422   0
-0.2840   -0.4154   0
0.5986    -1.3658   0
-3.0647   2.4328    0
-1.7436   -0.7670   0
-0.8238   -0.7161   0
-0.4722   -2.9672   0
-1.5532   -1.1963   0
-0.7017   -2.7845   0
-2.2266   -0.4802   0
-1.1897   -2.0450   0
-1.3017   -1.4317   0
-0.0430   -2.2599   0
-1.5334   -0.8674   0
-1.9011   0.2709    0
-1.8926   0.7889    0
-0.7213   -0.7678   0
-1.7458   -1.1128   0
0.6035    -1.6464   0
-0.4257   -1.9553   0
-0.6793   -1.9773   0
-1.1514   -2.1433   0
-0.6842   -2.8086   0
0.3437    -1.7284   0
-3.2378   0.7010    0
0.2929    -1.4679   0
-1.3785   -0.8178   0
-0.9975   -0.9839   0
-0.1154   -1.9259   0
-0.4175   0.3422    0
-2.6142   -0.3834   0
-2.5037   -1.4731   0
-0.4264   -1.5490   0
-1.9105   -1.0380   0
-2.6313   -0.2896   0
-1.3591   -1.1583   0
-1.3976   -1.5324   0
-2.1613   -1.9243   0
-2.1098   -0.8344   0
-0.7093   -2.4859   0
-2.9102   -0.1278   0
0.3148    -0.8713   0
-0.3347   0.7195    0
-1.2751   -0.4123   0
-1.0230   -0.6330   0
-1.9080   0.3656    0
-2.0437   -0.1068   0
-0.6265   -0.0652   0
-0.0985   -1.6119   0
0.2785    -1.5261   0
-1.1285   -1.5053   0
0.2407    1.6921    1
0.4048    1.2280    1
1.8124    1.2427    1
1.0695    -0.5867   1
-0.8337   2.9675    1
2.8274    0.0339    1
1.6541    0.3330    1
-0.5448   2.3003    1
0.6249    1.7449    1
1.2077    1.7791    1
0.2344    2.1921    1
0.8936    2.1172    1
1.3388    0.6146    1
2.0335    -0.1295   1
-0.4048   1.1881    1
-0.0306   1.2881    1
0.3566    2.3980    1
1.1708    -0.4268   1
2.3448    -0.0074   1
2.9363    0.2701    1
1.7413    1.3448    1
1.8120    -0.2541   1
0.8572    0.9811    1
0.9001    1.1606    1
0.1999    1.4542    1
1.4932    1.0752    1
2.2376    0.2912    1
2.2960    -0.2514   1
0.7218    0.8041    1
1.2171    0.9054    1
1.6307    1.8704    1
0.4515    1.6353    1
1.2296    0.9447    1
1.3553    1.0771    1
1.5213    1.1487    1
0.3840    2.8519    1
2.3458    0.5528    1
1.9749    1.8209    1
-1.3779   2.4635    1
-0.0923   2.2420    1
0.6743    1.6659    1
-1.0122   3.5464    1
2.5677    -0.5962   1
1.2333    0.0895    1
1.6464    1.0024    1
-0.1294   2.3526    1
1.1970    1.0351    1
2.6969    -0.0236   1
1.7260    1.9262    1
1.7925    0.0654    1
1.6034    1.3994    1
0.9416    2.6996    1
-0.1087   1.8973    1
3.1442    -0.8181   1
-0.3528   3.7825    1
1.4570    0.0436    1
1.3912    1.0473    1
3.0730    0.6740    1
0.6767    2.2250    1
2.4681    0.2109    1
0.4976    1.8100    1
1.2096    -0.6388   1
1.7548    0.6742    1
0.0518    0.8158    1
1.6132    -0.7709   1
2.7605    1.0756    1
1.0888    2.2222    1
3.5956    -0.0932   1
0.3245    0.3871    1
3.7868    1.6983    1
0.9832    0.6602    1
1.2717    1.6558    1
0.0859    1.3393    1
-0.9514   3.1138    1
0.6826    1.4379    1
1.5883    0.2932    1
1.8290    0.6515    1
-0.6749   1.7464    1
-0.9223   3.1883    1
0.5633    1.8314    1
1.0450    1.2961    1
3.4166    -0.7304   1
0.6901    0.4170    1
1.1876    1.4736    1
1.9477    1.7994    1
0.4743    0.5610    1
-0.1156   0.4526    1
-0.5923   3.2877    1
2.1748    0.5008    1
1.4851    0.0629    1
2.6455    -0.9060   1
0.5458    2.2990    1
2.0088    1.8190    1
3.0494    1.5142    1
1.6020    1.2456    1
1.0179    1.0632    1
-0.6104   3.6585    1
2.2388    1.4748    1
1.6836    -0.8579   1
0.2193    1.3779    1
1.5310    2.8719    1
3.1345    -0.6468   1
1.3544    1.0479    1
1.2317    0.5617    1
2.2880    1.4979    1
0.9865    0.4412    1
-0.3333   1.7205    1
0.4437    0.6409    1
1.7556    0.4669    1
0.0881    2.3953    1
2.3717    0.4327    1
1.2456    0.8637    1
1.1188    0.1278    1
1.3847    -0.4724   1
0.9298    1.3485    1
0.4217    1.7029    1
1.4693    1.0440    1
2.2997    -1.2759   1
2.6348    0.7720    1
0.2972    1.5535    1
1.8073    1.6698    1
-0.0275   1.6226    1
2.2945    0.5084    1
1.0149    0.4685    1
1.2187    -0.0073   1
2.7132    -0.1123   1
-1.0788   3.3004    1
1.1129    2.5046    1
-0.0865   0.3883    1
-0.5583   2.1145    1
1.6374    0.6615    1
0.5954    1.2981    1
0.5967    1.9056    1
1.0841    0.0841    1
0.5647    0.3477    1
0.4374    1.5264    1
1.8781    0.8119    1
0.1854    1.1932    1
0.7416    0.9396    1
1.4933    1.5316    1
0.1973    0.8452    1
0.9917    0.8479    1
1.6276    1.3079    1
1.1544    1.1838    1
3.5807    1.0510    1
-0.3062   1.6148    1
2.0235    0.4626    1
1.7778    0.2802    1
0.1661    0.9372    1
0.4133    2.1008    1
1.0657    -0.1724   1
0.9877    0.7450    1
0.9230    -1.2128   1
-0.5586   2.4549    1
2.7026    0.6709    1
0.5310    2.0510    1
1.0946    0.0660    1
1.2871    0.7977    1
1.9194    0.6111    1
1.5101    -0.7854   1
1.2454    -0.6653   1
-0.4005   1.1284    1
1.9696    1.6856    1
2.5937    2.0533    1
-0.4379   1.8634    1
-0.5342   0.2903    1
0.9253    1.2768    1
1.0815    1.3009    1
0.1568    1.3363    1
0.4354    1.4351    1
0.9718    -0.5775   1
-0.2437   0.3208    1
1.7330    1.3429    1
1.0596    0.7671    1
1.1491    -0.4876   1
2.5959    -0.0733   1
0.2227    0.6990    1
2.5503    0.8231    1
2.0550    0.4361    1
0.8333    1.3640    1
1.3145    1.2814    1
2.4196    -0.6006   1
1.3273    0.9224    1
1.4757    0.6614    1
1.3988    1.3975    1
0.9272    2.6674    1
2.3148    0.6244    1
1.9783    0.4284    1
2.7221    0.1659    1
0.5877    0.6746    1
1.5651    -0.7819   1
1.7399    1.0447    1
1.2201    0.5021    1
2.3128    0.6786    1
1.6292    0.7313    1
-0.1080   1.1330    1
0.5530    1.4352    1
0.2740    1.9851    1
1.3540    0.9559    1
0.4932    1.3692    1
-1.1037   1.1805    1
0.3353    2.4638    1
2.4501    1.3134    1
0.6702    -1.0671   1
3.7019    -2.1577   1
-0.6349   2.1519    1
0.4637    0.5225    1
1.5472    -0.3395   1
2.4926    2.5414    1
0.5448    0.4444    1
0.5036    0.1888    1
2.2353    0.6450    1
1.0409    0.3473    1
1.7485    -0.3646   1
2.2308    -0.8392   1
1.3049    0.3350    1
2.0778    0.9105    1
1.7652    -0.6754   1
-0.3196   1.5847    1
0.4908    1.2437    1
1.5551    0.4229    1
-0.9576   2.8330    1
0.2395    1.9373    1
-1.4439   4.7507    1
0.3406    0.2484    1
0.8852    1.1935    1
1.3001    1.5330    1
0.4160    0.7922    1
-2.0737   2.9938    1
2.5510    1.6722    1
0.5926    1.8966    1
2.4281    1.0513    1
-0.3532   1.4825    1
1.9040    0.8052    1
1.5417    0.2780    1
0.5350    1.0980    1
3.4304    -0.3005   1
3.0205    0.8533    1
1.7973    0.9776    1
1.0310    0.9622    1
1.5407    0.4006    1
1.6839    0.4481    1
0.4099    0.2860    1
0.7389    1.7858    1
2.5171    1.2497    1
2.0073    -0.3900   1
1.3034    2.3219    1
0.1829    0.9806    1
0.5088    1.3952    1
1.8675    0.8729    1
